-989.5052884700958
-932.2534385964605
-875.5768905412033
-819.4415294737057
-763.814469687731
-708.6640664576937
-653.9599289788988
-599.672934497078
-545.7752437449694
-492.2403178170038
-439.04293662857174
-386.15921912330475
-333.5666454104327
-281.24408103518914
-229.17180360754773
-177.3315320385468
-125.70645865815807
-74.28128451294998
-23.042258163442842
28.0227816836181
78.92435937003017
129.67131098990393
180.27072834409267
230.727898014483
281.046235669682
331.22721614984374
381.2703006441224
431.17286360544244
480.93012436397817
530.5350924681411
579.9785430450924
629.2490516526726
678.3331436853629
727.215655155336
775.880564389797
824.3122318508254
872.5017553565594
920.4334729657859
968.2379296375022
1015.4545452667223
1065.23073871017
1106.7108599189346
1171.117618463888
1182.4750835299003
1213.8669616279315
1244.9494037067707
1247.6668277601973
1312.9256537962958
1313.0398812363348
1390.3839119926965
1390.387209218969
1475.6970108852825
1475.6970834862354
1567.6527481187688
1567.6527510407848
1665.5366854759852
1665.5366879289766
1768.8924574694468
1768.892460799114
1877.4069455240049
1877.4069499208822
1990.8542084013766
1990.854214053407
2109.0650796165182
2109.0650867254462
2231.909275247357
2231.909284029255
2359.284192990487
2359.2842036760903
2491.1075541334685
2491.107566968496
2627.3123797607013
2627.312395006164
2767.8434504829174
2767.843468415411
2912.6547449374766
2912.654765849464
3061.7075446339754
3061.7075688340537
3214.969004731136
3214.9690325442884
3372.4110581924574
3372.411089960293
3534.0095633001984
3534.0095993811756
3699.743631962021
3699.743672731657
3869.595094431127
3869.5951402821925
4043.5480683866317
4043.5481197293284
4221.588608846672
4221.588666108798
4403.704421392573
4403.704485019667
4589.884625483255
4589.884695938731
4780.11955776515
4780.119635530413
4974.400607586011
4974.400693160554
5172.720078638958
5172.720172540444
5375.071071959073
5375.071174723405
5581.447386482858
5581.4474986642235
5791.843434141126
5791.843556312032
6006.254167046428
6006.254299797714
6224.67501479826
6224.675158739096
6447.1018302940565
6447.101986051921
6673.530842723721
6673.531010944368
6903.958616657266
6903.958798004663
7138.382016321664
7138.382211477923
7376.79817431414
7376.798383979423
7619.204464122062
7619.204689014473
7865.598475920267
7865.598716775724
8115.977995199424
8115.97825277151
8370.340983847389
8370.341258907189
8628.685563362329
8628.685856698246
8891.009999923572
8891.010312341126
9157.312691085834
9157.313023407438
9427.59215389554
9427.592506960264
9701.84701425613
9701.847388919437
9980.075997392718
9980.076394526197
10262.277919286793
10262.278339777855
10548.451678968488
10548.452123720052
10838.596251568766
10838.596721498925
11132.710682046216
11132.711178087886
11430.794079513937
11430.794602614487
11732.84561210121
11732.84616322207
12038.864502292612
12038.865082408858
12348.850022694114
12348.85063279405
12662.8014921817
12662.802133266405
12980.718272393187
12980.718945476056
13302.599764528522
13302.600470634767
13628.445406427665
13628.446146593831
13958.254669898753
13958.255445172184
14292.02705827212
14292.027869710426
14629.762104158526
14629.762952829018
14971.4593673922
14971.460254371324
15317.118433141386
15317.11935951412
15666.738910170892
15666.73987703014
16020.32042924278
16020.321437688737
16377.862641642663
16377.863692782174
16739.365217820465
16739.36631276635
17104.827846135493
17104.828986005872
17474.250231696773
17474.25141761437
17847.632095290403
17847.633328381817
18224.973172386508
18224.97445378149
18606.273212219137
18606.274543049836
18991.53197693292
18991.533358333116
19380.7492407911
19380.75067389542
19773.924789439832
