-982.8334729081055
-912.3863619597879
-842.7964814497782
-774.0009033992492
-705.9395599511105
-638.555279412879
-571.7938264272374
-505.6039467796239
-439.9374174256943
-374.74910240613934
-309.99701541276175
-245.64238987849112
-181.64975758447443
-117.98703690679298
-54.62563195694574
8.459456010048704
71.28950346572955
133.88192431317208
196.25011318278632
258.4032716434354
320.3462179326883
382.0791834533238
443.5976045716815
504.8919287487418
565.9474754259212
626.7444327787864
687.2581975980665
747.4601551555816
807.322440218094
866.8076693570434
926.0065338975028
984.4294065181975
1045.338664474499
1096.8623942556933
1170.5277471216468
1190.9881584049588
1220.859233898767
1272.787841127594
1274.962779552327
1363.7109970621188
1363.7889743995167
1466.927575253998
1466.9294576828077
1580.4238761019753
1580.4239102820331
1702.8533441830616
1702.8533458429622
1833.4249488948644
1833.424950629067
1971.6322827458432
1971.6322851215373
2117.1282868499607
2117.1282900046685
2269.663448022621
2269.66345210107
2429.0519436917925
2429.051948851071
2595.151577635893
2595.151584045874
2767.8511628177785
2767.8511706614913
2947.0622120702537
2947.062221544242
3132.713259353705
3132.7132706683774
3324.7458592202365
3324.7458726002014
3523.1116962760484
3523.111711960439
3727.770451399602
3727.770469642386
3938.6881973562276
3938.68821842651
4155.836173063952
4155.836197246255
4379.18983396413
4379.189861558672
4608.728107158013
4608.72813848096
4844.43280069227
4844.432836075986
5086.288130446078
5086.288170239357
5334.280337816052
5334.280382384326
5588.397378264117
5588.397427989666
5848.628665713336
5848.628720995471
6114.964861351938
6114.964922607174
6387.3976980381385
6387.3977657003525
6665.919833459857
6665.919907980427
6950.524726681078
6950.52480852901
7241.206533831071
7241.206623493107
7537.960019556354
7537.960117537067
7840.780481524415
7840.780588346286
8149.663685790673
8149.663801994149
8464.605811251247
8464.60593739479
8785.6034017298
8785.603538389907
9112.653324506322
9112.653472277543
9445.75273430412
9445.752893799045
9784.899041919267
9784.8992137685
10130.089886813152
10130.09007166528
10481.323113099981
10481.3233116215
10838.596748451986
10838.596961327232
11201.90898552025
11201.9092134513
11571.258165530846
11571.25840923741
11946.64276376749
11946.643023986773
12328.061376694666
12328.061654181221
12715.512710511131
12715.513006036694
13108.995570953613
13108.995885306907
13508.508854195974
13508.509188182517
13914.05153871043
13914.051893152304
14325.622677975587
14325.623053711195
14743.22139393142
14743.221791815227
15166.846871094507
15166.847291996763
15596.498351258053
15596.49879606449
16032.175128710862
16032.175598322385
16473.876545917636
16473.87704124998
16921.601989610248
16921.602511593625
17375.350887245615
17375.35143682434
17835.12270379122
17835.123281923334
18300.916938804046
18300.917546460878
18772.73312377239
18772.73376193815
19250.57081969394
19250.571489365266
19734.429614866225
19734.430317051712
20224.30912286834
20224.309858588058
20720.208980715204
20720.2097510002
21222.128847167653
21222.129653059415
21730.068401183427
21730.069243733367
22244.027340495762
22244.02822076463
22764.00538030766
22764.00629936499
23290.002252091195
23290.00321101471
23822.01770248225
23822.018702357233
24360.051492262108
24360.052534180788
24904.10339541816
24904.104480479054
25454.17319827672
25454.174327583987
26010.26069870181
26010.261873364547
26572.365705354023
26572.366926485578
27140.48803700452
27140.489305721778
27714.627521899445
27714.628839322086
28294.78399717059
28294.785364420357
28880.95730828844
28880.958726488356
29473.147308554217
29473.148778827806
30071.35385862766
