-990.9369762163569
-936.520385837654
-882.6253026674441
-829.2223727244782
-776.2832419781231
-723.780565399874
-671.688016798464
-619.9802995105869
-568.6331580270459
-517.6233906430542
-466.92886323059486
-416.52852424255497
-366.4024210690717
-316.5317178805864
-266.89871510596066
-217.48687070943464
-168.28082344634285
-119.26641829394362
-70.4307342695543
-21.762114861943537
26.749798688848877
75.11403102739636
123.33823301299722
171.42863856216542
219.39001790358648
267.225627296952
314.93715553269516
362.52466798392226
409.98654975032304
457.3194507321315
504.518237678662
551.575962050664
598.4838591842787
645.2314061034137
691.8064878209588
738.1957591870006
784.3854182428491
830.3624141724666
876.1194355981585
921.6470335212256
967.0394016874882
1011.9977604463811
1058.7407710148555
1099.557614571139
1160.3366466457394
1173.7194526196213
1211.6562706478273
1232.7373531836952
1236.708154344009
1294.9926113513602
1295.175534398167
1366.2254419109004
1366.2311504059398
1366.2254419109004
1530.1154986119313
1530.1154943782549
1530.1154986119313
1620.7803367359045
1620.7803393267159
1716.546190964554
1716.5461944677645
1817.0955027977218
1817.0955074340873
1922.2001932755331
1922.2001992445605
2031.689994836787
2031.690002351916
2145.43400886061
2145.4340181499815
2263.3292500932534
2263.329261400036
2385.2931664837092
2385.293180066411
2511.2585558942874
2511.2585720270513
2641.169997048647
2641.1700160215355
2774.98127463474
2774.9812967540024
2912.653478504522
2912.6535040928534
3054.15357265944
3054.1536020562203
3199.4532994508127
3199.4533330123345
3348.528327926827
3348.528366026505
3501.357583223503
3501.3576262520733
3657.9227123553305
3657.9227607210296
3818.2076542320274
3818.2077083607583
3982.1982903299618
3982.198350665444
4149.882158491695
4149.882225495599
4321.24821664673
4321.248290798792
4496.286646380433
4496.286728178559
4674.988688583245
4674.988778543594
4857.346505129303
4857.346603786354
5043.353061827369
5043.353169733973
5233.002028872134
5233.002146599547
5426.2876957815715
5426.287823919469
5623.204898393854
5623.205037550333
5823.748955957334
5823.749106758894
6027.915616709789
6027.915779801292
6235.70101063125
6235.701186675869
6447.1016082851775
6447.101797964327
6662.114184848142
6662.114388861378
6880.735788578305
6880.736007643226
7102.963713095248
7102.963947947364
7328.795472943697
7328.795724336285
7558.228781995993
7558.229050699932
7791.261534316147
7791.261821119734
8027.891787164746
8027.8920928735
8268.11774587104
8268.118071307477
8511.937750337911
8511.938096341304
8759.350262978465
8759.350630404595
9010.353857910968
9010.354247631836
9264.94721126229
9264.947624165832
9523.129092450217
9523.129529439982
9784.898356331929
9784.898818326754
10050.253936120538
10050.254424054187
10319.194836984083
10319.195351804878
10591.720130252046
10591.720672922482
10867.828948163731
10867.829519660063
11147.520479100778
11147.521080412596
11430.793963253
11430.79459538278
11717.648688672698
11717.64935263534
12008.08398767784
12008.084684500178
12302.09923356897
12302.099964289277
12599.693837628743
12599.694603296204
12900.8672463764
12900.868048050575
13205.618939052496
13205.619777802765
13513.948425312004
13513.949302216986
13825.855243106073
13825.856159253035
14141.338956734944
14141.339913219186
14460.399155056306
14460.400152980535
14783.03544983494
14783.03649030862
15109.247474221027
15109.24855835971
15439.03488134569
15439.03601027034
15772.39734302352
15772.398517859814
16109.334548552795
16109.335770430396
16449.846203605095
16449.847473656926
16793.93202919662
16793.933348558116
17141.591760734562
17141.59313054289
17492.825147132102
17492.826568525394
17847.631949986575
