-774.0514629038042
-710.4481330550798
-647.4193716319322
-584.9404467293318
-522.9888743587297
-461.54448390023595
-400.5894924138596
-340.1085892883719
-280.08903301553653
-220.52076226373944
-161.3965239107268
-102.71202130916242
-44.466086838739486
13.339116206667875
70.69785607749783
127.60055143264249
184.03343661974833
239.9781608452135
295.411305719514
350.30380255342817
404.6202288551606
458.31796454880407
511.3462256445669
563.6448428454626
615.1449626656488
665.7564134407005
715.4686918412725
763.770607229937
812.9395226629035
854.3364966834855
900.6544871741438
932.4902582243631
943.3535644823743
1010.0203105282255
1010.5975441299489
1098.203755400992
1098.2205271443363
1196.8742564229742
1196.8745874335448
1304.5611099062476
1304.5611150354541
1420.3871970197392
1420.3871976076143
1543.8203289321916
1543.8203296977358
1674.50991501917
1674.509916067755
1812.2111153057692
1812.2111166970535
1956.745711529701
1956.7457133286825
2107.979894614292
2107.9798968919617
2265.8107384283667
2265.8107412619183
2430.1575135550484
2430.1575170280794
2600.9558720134282
2600.9558762161355
2778.153821283829
2778.153826313199
2961.7088591259067
2961.7088650858973
3151.5858868388136
3151.585893840535
3347.7556593108648
3347.7556674727507
3550.193614122101
3550.1936235700723
3758.878973855673
3758.8789847232997
3973.7940488771437
3973.794061305796
4194.923689536234
4194.923703675227
4422.254851305352
4422.254867312088
4655.776246346897
4655.776264386996
4895.478061967477
4895.4780822149005
5141.35173136238
5141.35175399955
5393.389745617427
5393.389770835337
5651.585498538534
5651.585526536851
5915.933157804624
5915.933188791784
6186.427557379535
6186.42759157283
6463.064107206789
6463.06414483245
6745.838717041465
6745.838758334729
7034.747731912393
7034.747777117568
7329.787877203914
7329.787926574439
7630.956211734183
7630.956265532667
7938.250087512318
7938.250146010589
8251.66711509884
8251.667178577965
8571.20513368684
8571.205202437153
8896.862185176253
8896.862259497366
9228.636491638563
9228.63657183937
9566.526435670621
9566.526522069295
9910.530543218762
9910.530636142737
10260.647468522096
10260.647568308055
10616.875980879426
10616.876087873252
10979.214952990038
10979.21506754679
11347.663350656869
11347.663473140718
11722.22022367202
11722.220354456202
12102.884697731251
12102.884837197986
12489.655967246037
12489.656115786462
12882.533288940685
12882.53344695476
13281.515976137476
13281.516144033885
13686.603393646348
13686.603571842395
14097.794953186765
14097.795142108263
14515.090109279177
14515.090309360314
14938.488355551553
14938.488567234755
15367.98922141364
15367.989445149437
15803.59226905751
15803.592505304367
16245.297090748229
16245.297339972392
16693.103306372883
16693.103569048206
17147.010561220166
17147.010837827915
17607.018523965897
17607.018814994564
18073.126884842986
18073.12719078809
18545.335353976654
18545.335675340528
19023.6436598681
19023.643997159652
19508.051548011557
19508.051901746057
19998.558779631552
19998.559150330388
20495.165130528512
20495.16551871892
20997.870390022163
20997.870796236995
21506.674359983397
21506.67478476083
22021.576853946244
22021.577297829503
22542.57769629235
22542.578159829427
23069.67672150138
23069.67720524473
23602.873773461233
23602.874277967465
24142.168704832693
24142.169230662257
24687.56137646367
24687.56192418053
25239.051656848616
25239.052227019907
25796.639421629196
25796.640014824894
26360.32455313264
26360.3251699252
26930.10693994457
26930.107580908567
27505.986476513353
27505.98714222511
28087.963062783383
28087.963753820593
28676.036603854885
28676.037320796222
29270.207009668044
29270.207753092767
29870.474194709524
29870.474965197078
30476.838077739576
