-984.4999864277275
-917.3461964918387
-850.9744913280124
-785.3302239926259
-720.3611003418323
-656.0172068742874
-592.2510415993688
-529.0175482843224
-466.27415448186673
-403.9808137951897
-342.10005290007524
-280.59702391464407
-219.43956278581237
-158.5982544469681
-98.04650559082984
-37.76062598893774
22.280080636834285
82.09321514655161
141.69316990976813
201.09100330119762
260.29430139352996
319.3070274438596
378.12936168859585
436.7575376658353
495.1836884080146
553.3957296166228
611.3773350398942
669.1081081377221
726.5642516506474
783.7196030625319
840.553645717234
897.0282700543819
953.3287480489647
1008.6414216579616
1068.0121589905636
1114.0638076259195
1184.6300139976204
1200.361027894266
1222.6661091517071
1277.4892632707267
1278.9331490709128
1364.3463907234598
1364.3966083202417
1462.5106907755348
1462.5118951939635
1570.0680363577035
1570.0680587843112
1685.8091164880636
1685.809118167329
1809.0151276912347
1809.0151296600384
1939.2204386823507
1939.220441363798
2076.103069725811
2076.103073266025
2219.429872239393
2219.4298767936875
2369.026156172067
2369.026161908531
2524.7575334664293
2524.757540566327
2686.5184212800714
2686.5184299382063
2854.2244266156004
2854.2244370406634
3027.807115740078
3027.807128154988
3207.2103129593434
3207.2103276015705
3392.3874155372428
3392.3874326591235
3583.2994041914403
3583.299424060478
3779.913341977701
3779.9133648768525
3982.2012236808982
3982.201249908849
4190.139081600323
4190.139111471746
4403.706282053931
4403.706315899735
4622.884965867691
4622.88500403525
4847.659599013764
4847.659641867139
5078.01660851741
5078.016656437548
5313.944085081966
5313.944138466891
5555.431538425766
5555.431597690753
5802.4696946348595
5802.469760212589
6055.050327277861
6055.050399618563
6313.166115853186
6313.166195424768
6576.8105265157365
6576.810613803895
6845.977711080074
6845.977806588384
7120.662421105085
7120.662525355081
7400.859934492375
7400.8600480236155
7686.565992521359
7686.566115891467
7977.776745630808
7977.776879415502
8274.48870656366
8274.48885135676
8576.698709737102
8576.69886615053
8884.403875897084
8884.404044560835
9197.601581275694
9197.601762837798
9516.289430599312
9516.289625725773
9840.465233401166
9840.465442775885
10170.126983178725
10170.127207503408
10505.272839007846
10505.273079001889
10845.901109284854
10845.90136568521
11192.010237316932
11192.010510877968
11543.598788522335
11543.599080015656
11900.665439036258
11900.665749250533
12263.20896554727
12263.209295288014
12631.228236213457
12631.22858630282
13004.72220252818
13004.722573804698
13383.689892022858
13383.690285341192
13768.130401709042
13768.130817939707
14158.042892174892
14158.043332203948
14553.426582261922
14553.427046990671
14954.280744257443
14954.281234602082
15360.604699545956
15360.605216437227
15772.397814669868
15772.398359052688
16189.659497755843
16189.660070588909
16612.389195268304
16612.389797523687
17040.586389056127
17040.587021718835
17474.25059366251
17474.25125773005
17913.38135387146
17913.382050353364
18357.978242467223
18357.97897238457
18808.040858185814
18808.041622570727
19263.56882383989
19263.569623735006
19724.561784600373
19724.562621058307
20191.019406419928
20191.02028050272
20662.94137458512
20662.942287363658
21140.32739238522
21140.328344938636
21623.177179887065
21623.178173302138
22111.49047280641
22111.49150817692
22605.267021467112
22605.26809989321
23104.50658984043
23104.50771242796
23609.208954657424
23609.210122517252
24119.37390458819
24119.37511883549
24635.00123948213
24635.002501235693
25156.09076966425
25156.09208004572
25682.64231528267
25682.643675415817
26214.655705703182
26214.657116713133
26752.13077894702
26752.132241959473
27295.06738116832
